0.593086
0.66236
-0.482958
-0.191213
-0.967071
-0.676033
0.0289582
1.46817
1.83235
-2.07264
0.188914
-0.213261
-0.206519
-0.065759
0.3424
-0.224919
-0.0748224
-0.155183
-0.0642301
-0.0642301
1.568
-0.879557
-0.584963
0.206007
0.206007
0.206007
-1.0027
0.545321
0.545321
0.582257
0.775642
0.251545
0.469411
-1.78179
-1.72314
0.291677
-0.848385
0.04191
0.605427
-0.77525
-0.267038
0.896598
0.896598
0.506165
0.020114
-0.775679
-0.999032
-0.35034
-0.35034
-0.35034
-1.09516
0.653673
0.653673
0.653673
0.954468
-0.419428
-0.400052
0.882631
-0.0331662
0.71745
-0.112275
-0.89276
-0.685195
-1.2333
0.668223
0.434967
-1.37152
-1.12032
-1.04655
-0.651077
-0.21438
0.295147
0.295147
-0.703598
0.0279399
-0.131703
1.37498
0.78742
0.700973
0.929867
0.617463
1.011
0.807684
0.0180746
0.620619
1.29333
1.13198
-0.801314
0.580978
0.580978
0.235174
1.04752
0.361925
0.361925
0.544092
0.962816
0.962816
0.0495723
0.0495723
-1.32016
-0.28932
-1.01776
0.901377
-1.13829
0.492728
1.00906
0.172086
0.172086
1.20645
1.20645
0.210102
0.0304372
0.196686
0.645467
0.645467
-0.0883637
-0.49293
-0.49293
-0.366604
0.561792
-0.967843
-0.967843
-1.37661
0.174452
0.174452
0.691688
-1.29756
-1.44278
0.20644
0.109639
-0.387481
-0.387481
-0.532529
-0.519267
0.49179
0.49179
0.524384
0.0572331
0.530141
1.7698
-0.385277
-0.18425
-0.523067
-0.837306
-0.745738
-0.517598
0.0536823
-0.308619
-0.26634
0.217794
0.217794
-1.14001
0.000967559
0.699286
0.739754
-0.272097
0.0847848
0.0187706
0.759689
0.719706
0.292123
0.292123
0.589825
0.344949
-0.201972
0.461032
1.15285
-0.314469
-0.314469
1.16732
-1.05776
-1.44978
-1.11461
0.306514
-0.122589
0.0262262
0.499845
1.71079
0.870118
1.2177
0.472518
1.23888
1.10564
-0.104845
-0.104845
0.371073
-0.0503107
-0.863322
-0.186945
-0.186945
0.231929
0.231929
0.450969
0.180266
0.118784
-0.481686
-1.45312
-1.87228
-0.295447
-0.376458
0.38315
1.40313
-0.673763
-1.15409
0.601139
-0.453974
-0.453974
0.556763
0.647379
-0.41027
-1.50202
-1.50202
0.842323
-1.72828
0.253437
-0.117383
0.261699
-0.419538
-0.419538
-0.981144
-0.981144
-1.07179
-0.449206
-1.29896
1.32935
-1.05974
-0.983153
-0.841953
-1.769
-0.476589
0.553575
-1.12102
-0.0346182
0.333692
0.0529604
1.16412
-0.142186
0.31402
0.31402
0.31402
0.663858
-0.606847
-0.770617
0.17905
-0.222092
-0.222092
-0.312681
-0.625795
-0.625795
-0.625795
0.400053
0.134081
0.267167
0.304628
-0.392871
-0.341816
0.466446
-0.101381
-0.101381
-1.54344
0.897228
0.66454
0.66454
1.7447
-0.464015
0.904312
-0.0544563
-0.0544563
0.493216
-0.137217
-0.104207
0.765193
-0.134102
-0.652059
-0.404021
-1.30686
-0.219706
0.134187
0.0624729
0.781222
-0.624099
0.275399
-0.729432
-1.31565
-1.31565
-0.00320949
-1.29168
-1.81884
-0.157079
1.31168
-1.04532
0.192496
0.192496
0.192496
-1.09737
-0.230701
-0.230701
-0.252379
-2.32843
0.331799
0.211564
0.211564
-0.0321948
-0.0321948
-0.0321948
0.634143
-0.687956
-0.351064
0.0682952
0.895589
-1.50575
1.69586
1.69586
1.69586
-0.265243
0.398467
0.398467
0.747794
-0.0396488
0.571374
0.611567
-0.320119
0.394686
-0.195107
0.569092
0.569092
-0.284555
-0.284555
1.45389
0.97761
-2.14407
-2.71788
0.888907
-0.704098
0.371785
0.371785
0.371785
1.04443
0.92966
0.134173
1.86778
-1.87125
0.301559
0.301559
0.242552
0.242552
0.242552
-1.12928
-0.906117
0.580696
0.328795
0.933608
-0.749792
-0.752606
1.15133
-0.397153
-0.57482
-1.34991
-1.36934
1.1233
-0.46574
-1.00839
0.0444258
-0.0565922
-0.0565922
-0.454798
-0.0083037
-1.19593
0.0379954
-0.710704
0.763747
0.598148
0.133842
0.136621
1.15697
-0.63947
-0.63947
-0.575921
-0.575921
0.187921
0.187921
0.187921
0.187921
-0.318948
0.174507
0.174507
0.956536
1.41351
-1.89162
2.19305
0.587615
0.260738
0.260738
0.0651482
0.0745982
-1.67835
-1.2362
0.441598
0.555102
0.555102
1.06927
1.21896
-0.263646
-0.52826
0.910035
-0.184966
0.435403
0.253496
-0.925281
-0.249349
-0.249349
-0.844172
-0.844172
-0.844172
-0.391229
0.871933
0.713959
-0.616848
-0.12672
-0.586711
0.196862
0.950749
-0.726396
-0.726396
-0.360965
-0.490898
-0.490898
-0.323185
-0.323185
0.476365
0.228209
-0.00416679
-1.11995
0.0595684
-0.268702
0.320845
-0.984659
-1.24284
-1.24284
-1.04552
-0.284875
-0.364761
-0.364761
0.590785
1.1283
1.51019
0.991075
1.55306
1.33925
0.371329
-0.460141
-2.04452
-0.688402
-0.33046
-0.220129
-0.220129
-0.220129
0.858229
0.858229
0.858229
1.46982
0.469386
0.469386
0.469386
0.82342
0.420845
0.0642875
0.653761
-0.0411611
-0.0325095
-0.561726
-0.918376
-0.384467
-0.384467
-0.376632
-0.376632
0.561305
-0.132809
-0.132809
-0.675114
0.666835
0.376863
0.376863
-0.0217271
0.0499735
0.628135
-0.378077
-0.491483
-0.202346
0.474804
1.28914
0.889275
0.889275
0.347508
0.066489
1.39157
0.9619
0.059322
1.13754
-0.377119
-0.106374
0.48546
-0.103621
-0.256181
0.0508927
0.0534502
1.04116
0.7529
0.7529
1.25224
0.314065
-0.401694
-0.401694
0.237466
-0.582023
-0.158026
0.524451
-0.437009
0.551489
1.67761
0.67863
-0.112537
-0.617398
-0.344677
0.120786
1.21054
0.00575605
0.771576
0.831086
0.91812
1.16052
1.16052
-0.50777
1.03505
-0.249957
-0.162983
-1.25753
-0.162554
1.1334
0.690404
0.715898
-1.70359
-0.907388
-0.961779
0.447834
-1.07365
2.34933
0.31121
-1.1244
-0.874853
0.762253
-0.00917514
-0.00917514
-0.00917514
0.60433
0.565521
-0.882251
0.120009
-0.0168562
-0.0168562
-0.0168562
-0.0168562
-0.0168562
0.936477
1.03331
-0.116694
0.0242647
0.0242647
-0.655854
0.89197
0.26998
0.26998
-1.05332
0.708638
0.694252
0.349418
0.95018
0.561996
-0.0595325
0.50616
0.50616
0.50616
1.27347
1.27347
-0.205601
-0.205601
-0.465159
0.478162
0.470884
-1.21704
0.955036
0.0154059
-0.756538
0.330964
-0.353707
1.06051
-0.0626452
0.0160678
0.0160678
-0.406242
-0.00463223
-0.00463223
-0.00463223
-0.889137
-1.54087
-0.797713
0.463014
1.75255
1.62615
-0.378467
-0.217732
-0.217732
-0.217732
0.22467
-0.668682
1.58303
1.85422
0.803988
-0.138711
1.92329
-0.20532
0.546699
0.224492
1.44944
-1.31566
0.444081
0.444081
1.67282
1.67282
0.0129409
-0.448417
-0.713554
-0.679449
1.57987
1.08786
-1.32689
0.23805
-1.01795
-0.111785
0.0414993
0.12889
-0.695012
0.34489
0.34489
-1.14999
-0.0462278
0.157524
0.649534
0.270943
-1.79675
0.584114
0.584114
-0.281498
-0.318266
-0.571333
0.787208
0.018579
-0.315841
0.885009
1.28626
-1.20478
0.633878
0.633878
-0.176256
-0.0699545
1.25519
0.948774
-1.44092
-0.117213
-0.117213
0.301691
-0.210262
1.21977
0.373261
0.4547
-1.30658
-0.356561
-0.356561
0.206794
-0.787569
0.00596362
0.00596362
0.0643582
-0.568364
-1.00918
-0.345682
0.727072
0.622418
-2.15243
-0.182988
-0.182988
-1.09599
0.258356
0.368413
1.58335
1.00937
0.659416
-0.435872
0.345018
0.571803
-0.246154
-0.596721
-1.05712
-1.53785
0.445133
-0.345799
-0.76004
-0.76004
-2.12615
0.61738
-0.396377
0.0898485
0.269541
-1.57759
1.26544
-0.769348
-0.769348
0.0422979
-0.593428
-1.21397
0.490181
-0.0454761
-0.0454761
-0.0454761
-0.638024
-0.0171143
0.374539
0.374539
-1.747
-2.68497
-1.03629
-0.960557
0.597204
0.597204
-0.566878
-1.35154
-0.245455
-0.731125
-1.32071
-0.204114
-1.65167
0.118677
-0.506772
-0.0752321
-0.0752321
-0.0752321
-0.0752321
-0.376432
-0.525388
0.607194
0.241664
0.960707
0.960707
-0.324115
-0.324115
-0.864362
0.178676
-0.0723025
-0.0832513
0.640869
0.270225
0.103098
-0.210081
-1.37325
0.00367985
0.646654
1.50364
-0.408398
0.772781
1.67573
1.68343
-0.256143
-0.558561
0.765366
0.826638
0.545686
-2.06468
0.00526981
-0.100762
-0.100762
-0.404185
0.3767
0.3767
-1.1191
0.289024
0.289024
-0.704437
-0.827803
-0.623777
0.60759
-1.11678
-0.53045
0.920064
0.475463
-0.635589
-0.324923
-0.444742
0.499252
0.608519
0.608519
-0.154024
-0.0609202
0.247034
0.842463
1.39624
0.289272
-0.484744
-1.17361
-1.17361
-0.360661
-0.789617
0.0160951
0.248953
-0.811593
-0.811593
0.799881
0.107116
-0.989171
-0.265018
2.31063
0.883485
0.406652
-0.826972
-2.33104
0.508054
0.312181
0.574936
0.861175
-0.187959
-0.187959
0.567948
-1.17997
-0.00185627
-0.828834
0.743573
0.471205
0.471205
-1.10186
-0.26011
0.751424
1.00245
1.20244
0.445515
0.445515
0.33613
0.33613
-0.553619
-0.553619
-0.968829
-1.18085
1.25058
0.481049
0.332634
0.893521
0.976507
0.0892395
1.23984
1.23984
-1.00228
0.193456
-0.836334
-0.583461
-0.583461
1.67546
0.416193
-0.160961
0.0786289
-0.290628
0.00746831
0.456586
0.456586
0.64459
-0.364842
0.288176
-0.521445
0.668811
1.01598
0.139906
0.139906
0.139906
-1.34871
0.448248
0.448248
-0.493763
-1.39965
0.413925
-0.0200505
0.0958955
0.165141
-0.431292
-0.432343
-0.405476
-0.0994121
-0.0994121
-0.712544
1.01771
-0.0357541
1.04591
1.04591
0.0403847
0.119033
0.119033
0.161894
0.519739
0.659327
-0.705883
0.469633
-0.513419
-0.513419
0.271753
0.0894984
0.0894984
0.227718
0.596863
-0.315832
-1.18746
0.412699
1.71519
0.0821262
0.0821262
-0.798539
-0.798539
-0.196241
0.75619
0.960191
-0.781998
0.303098
0.303098
0.440487
-0.180371
-0.733014
-0.665006
1.07466
0.0878014
-0.859625
-0.429465
-0.815348
0.886585
0.886585
0.886585
1.24069
-1.31753
1.03425
2.75052
0.73291
0.928381
0.753363
0.49079
-0.44431
-0.44431
-0.129877
-0.887896
0.185967
0.185967
-1.22002
0.239769
-0.187462
-1.36543
0.810093
0.231798
1.08838
0.461308
-0.366829
-0.857402
0.437158
0.437158
0.600927
-0.368909
0.223528
-0.878427
0.328133
0.933474
-0.191391
-0.191391
-0.553942
0.171419
0.780844
-0.223161
-1.1833
-1.18851
-0.541319
-0.485915
-0.113582
0.518153
0.518153
1.10684
1.10684
-0.555113
1.98026
0.27618
-0.163385
0.797285
-0.393378
0.576935
0.576935
-0.241715
-0.241715
0.510816
0.510816
0.510816
