0.463315
0.47897
0.441985
0.406581
0.568341
0.482264
0.400151
0.787994
1.00435
1.17325
0.406424
0.408186
0.407677
0.400778
0.421103
0.409106
0.401008
0.404335
0.400743
0.400743
0.842555
0.539252
0.461593
0.407639
0.407639
0.407639
0.580972
0.453527
0.453527
0.461024
0.508292
0.411389
0.439662
0.971463
0.934459
0.415314
0.529556
0.400316
0.465977
0.508182
0.412836
0.5447
0.5447
0.446117
0.400073
0.508302
0.579652
0.422093
0.422093
0.422093
0.615887
0.476912
0.476912
0.476912
0.563982
0.431666
0.428807
0.540227
0.400198
0.492652
0.402269
0.543464
0.484509
0.673787
0.480374
0.434055
0.738594
0.625922
0.597149
0.476302
0.408273
0.41568
0.41568
0.489109
0.400141
0.403122
0.740303
0.511605
0.488445
0.555638
0.468627
0.583983
0.517424
0.400059
0.46933
0.701087
0.630649
0.515579
0.460756
0.460756
0.409955
0.597514
0.423578
0.423578
0.453287
0.566863
0.566863
0.400442
0.400442
0.713708
0.415067
0.58645
0.546246
0.633229
0.443701
0.583276
0.40533
0.40533
0.661992
0.661992
0.407946
0.400167
0.406963
0.474993
0.474993
0.401405
0.443736
0.443736
0.424192
0.45681
0.568609
0.568609
0.741109
0.405478
0.405478
0.486118
0.703061
0.77469
0.407671
0.402164
0.427025
0.427025
0.451046
0.448535
0.443534
0.443534
0.449496
0.40059
0.450589
0.963793
0.426719
0.406111
0.449248
0.526195
0.500103
0.448223
0.400519
0.417144
0.412769
0.408538
0.408538
0.633934
0.4
0.48802
0.498502
0.413327
0.401294
0.400063
0.503883
0.493236
0.41536
0.41536
0.462621
0.421418
0.407343
0.438259
0.639229
0.4178
0.4178
0.645273
0.601394
0.778337
0.623623
0.416911
0.402705
0.400124
0.444972
0.926824
0.536279
0.666902
0.440189
0.676266
0.620039
0.401979
0.401979
0.424785
0.400456
0.534159
0.406291
0.406291
0.409682
0.409682
0.436607
0.405849
0.40254
0.441764
0.780082
1.03098
0.415712
0.42551
0.426425
0.754381
0.481712
0.639748
0.465046
0.437097
0.437097
0.455797
0.475438
0.430298
0.806089
0.806089
0.527711
0.937653
0.411561
0.40248
0.412328
0.431682
0.431682
0.573276
0.573276
0.606772
0.436322
0.703715
0.718092
0.602149
0.573986
0.527599
0.963286
0.440885
0.45516
0.626202
0.400216
0.420043
0.400505
0.643933
0.403639
0.41775
0.41775
0.41775
0.479327
0.466287
0.506893
0.405771
0.408878
0.408878
0.417599
0.470491
0.470491
0.470491
0.428808
0.403236
0.412848
0.416704
0.427783
0.421031
0.439163
0.40185
0.40185
0.828796
0.544903
0.47949
0.47949
0.947917
0.438756
0.5472
0.400534
0.400534
0.443787
0.403389
0.401955
0.505394
0.403237
0.476532
0.429382
0.707418
0.408689
0.403241
0.400703
0.509855
0.47011
0.413652
0.495773
0.711571
0.711571
0.400002
0.700318
0.995473
0.404441
0.709692
0.596685
0.40667
0.40667
0.40667
0.616758
0.40958
0.40958
0.411465
1.37588
0.419816
0.408057
0.408057
0.400187
0.400187
0.400187
0.472385
0.485191
0.422184
0.40084
0.544374
0.808113
0.917668
0.917668
0.917668
0.412664
0.42858
0.42858
0.500655
0.400283
0.458764
0.467322
0.418446
0.42804
0.406852
0.458296
0.458296
0.414575
0.414575
0.780484
0.57203
1.22747
1.72963
0.542228
0.489236
0.42488
0.42488
0.42488
0.596352
0.555568
0.40324
1.02795
1.03028
0.416369
0.416369
0.41059
0.41059
0.41059
0.629547
0.547789
0.460697
0.419459
0.556892
0.501194
0.501955
0.6386
0.428392
0.459475
0.728005
0.737515
0.627123
0.439044
0.583033
0.400355
0.400576
0.400576
0.437231
0.400012
0.657445
0.40026
0.490918
0.504996
0.464401
0.403224
0.40336
0.640946
0.473606
0.473606
0.459703
0.459703
0.406357
0.406357
0.406357
0.406357
0.418311
0.405481
0.405481
0.564693
0.759642
1.04408
1.2657
0.462152
0.412237
0.412237
0.400764
0.401002
0.907032
0.675075
0.435102
0.455465
0.455465
0.605803
0.667454
0.412512
0.450231
0.549069
0.406158
0.434124
0.411567
0.554106
0.411191
0.411191
0.528273
0.528273
0.528273
0.427551
0.536848
0.491753
0.46849
0.40289
0.461961
0.406976
0.562706
0.494977
0.494977
0.423453
0.443377
0.443377
0.418801
0.418801
0.440846
0.409374
0.400003
0.625771
0.400639
0.412996
0.418529
0.57452
0.678039
0.678039
0.59676
0.414608
0.423949
0.423949
0.462825
0.62915
0.810523
0.576801
0.834159
0.722849
0.424819
0.438111
1.15241
0.485302
0.419657
0.408722
0.408722
0.408722
0.53258
0.53258
0.53258
0.788869
0.439658
0.439658
0.439658
0.522044
0.43188
0.400744
0.476933
0.400305
0.40019
0.456796
0.551814
0.426607
0.426607
0.425533
0.425533
0.456711
0.403175
0.403175
0.48204
0.48004
0.425565
0.425565
0.400085
0.40045
0.47102
0.42573
0.44348
0.40737
0.440579
0.69914
0.542346
0.542346
0.421737
0.400796
0.748565
0.566545
0.400633
0.632921
0.425599
0.402037
0.442421
0.401933
0.411813
0.400466
0.400514
0.595124
0.502035
0.502035
0.682257
0.417755
0.429044
0.429044
0.41015
0.460975
0.404495
0.449509
0.434376
0.454745
0.906585
0.482897
0.40228
0.468612
0.421384
0.402626
0.663775
0.400006
0.507159
0.524327
0.55173
0.642426
0.642426
0.446409
0.592839
0.411246
0.404781
0.684649
0.404756
0.631228
0.485798
0.492252
0.922401
0.548204
0.566503
0.4361
0.607492
1.39348
0.417433
0.627569
0.537766
0.504585
0.400015
0.400015
0.400015
0.465739
0.457567
0.540106
0.402592
0.400051
0.400051
0.400051
0.400051
0.400051
0.557858
0.592191
0.402451
0.400106
0.400106
0.477426
0.54321
0.41312
0.41312
0.599708
0.49039
0.486757
0.421977
0.562512
0.456851
0.400638
0.446116
0.446116
0.446116
0.691911
0.691911
0.407609
0.407609
0.438947
0.441155
0.439912
0.666615
0.564177
0.400043
0.503023
0.419717
0.42252
0.602443
0.400706
0.400046
0.400046
0.429706
0.400004
0.400004
0.400004
0.542302
0.827369
0.514542
0.438589
0.952858
0.875988
0.425783
0.408533
0.408533
0.408533
0.409086
0.480485
0.851077
1.01886
0.516351
0.403463
1.06583
0.407588
0.453798
0.409071
0.778159
0.711571
0.435497
0.435497
0.903699
0.903699
0.40003
0.436194
0.491649
0.483097
0.849276
0.613017
0.716916
0.4102
0.586521
0.402249
0.40031
0.40299
0.486948
0.421411
0.421411
0.638048
0.400385
0.404466
0.475941
0.413214
0.981097
0.461414
0.461414
0.414263
0.418233
0.458756
0.511545
0.400062
0.417956
0.540983
0.697805
0.661271
0.472324
0.472324
0.405592
0.400881
0.683589
0.562031
0.773724
0.402473
0.402473
0.416383
0.407958
0.66781
0.425078
0.437215
0.707286
0.422884
0.422884
0.407697
0.511648
0.400006
0.400006
0.400746
0.458147
0.583321
0.421509
0.495154
0.469733
1.23393
0.406027
0.406027
0.616215
0.412015
0.424431
0.851257
0.583388
0.478269
0.434197
0.421427
0.458853
0.410906
0.464094
0.601152
0.825694
0.435666
0.421524
0.503979
0.503979
1.21369
0.468608
0.428281
0.401453
0.413077
0.847984
0.688239
0.506541
0.506541
0.400322
0.463388
0.66527
0.44325
0.400372
0.400372
0.400372
0.473273
0.400053
0.42525
0.42525
0.94936
1.69763
0.593302
0.56608
0.464198
0.464198
0.457843
0.728798
0.410845
0.496218
0.713972
0.407499
0.891041
0.402535
0.446227
0.401019
0.401019
0.401019
0.401019
0.425506
0.449686
0.466363
0.410512
0.566133
0.566133
0.418909
0.418909
0.534482
0.405746
0.400941
0.401248
0.473928
0.413144
0.401913
0.407944
0.739445
0.400002
0.475269
0.806968
0.430022
0.507494
0.905452
0.910106
0.41181
0.456158
0.505441
0.523
0.453599
1.16733
0.400005
0.401828
0.401828
0.429406
0.425543
0.425543
0.625429
0.415036
0.415036
0.489322
0.523346
0.470038
0.46645
0.624495
0.450648
0.552373
0.440692
0.472715
0.419003
0.435603
0.444865
0.466653
0.466653
0.40427
0.400668
0.410985
0.527754
0.75091
0.415062
0.442296
0.647925
0.647925
0.423414
0.512229
0.400047
0.411156
0.518563
0.518563
0.515166
0.402065
0.576123
0.412642
1.36102
0.540498
0.429766
0.523099
1.37807
0.446461
0.417542
0.459499
0.533492
0.406359
0.406359
0.458062
0.650619
0.400001
0.523654
0.499522
0.439966
0.439966
0.618536
0.412178
0.501635
0.580884
0.660256
0.435727
0.435727
0.420337
0.420337
0.455169
0.455169
0.568953
0.650992
0.68151
0.441653
0.419916
0.543708
0.571642
0.401433
0.676699
0.676699
0.580821
0.406737
0.525902
0.461277
0.461277
0.905292
0.431179
0.404664
0.401113
0.415204
0.40001
0.437525
0.437525
0.474789
0.42396
0.414948
0.448943
0.480515
0.585798
0.403523
0.403523
0.403523
0.727423
0.436167
0.436167
0.443884
0.752626
0.43084
0.400072
0.401655
0.404909
0.433482
0.433646
0.429594
0.401779
0.401779
0.491389
0.586433
0.40023
0.596906
0.596906
0.400294
0.40255
0.40255
0.404718
0.448623
0.478248
0.489689
0.4397
0.447448
0.447448
0.413293
0.401442
0.401442
0.409334
0.464124
0.417955
0.653811
0.430658
0.929539
0.401214
0.401214
0.51478
0.51478
0.406932
0.502928
0.565954
0.510074
0.416536
0.416536
0.434925
0.405856
0.496716
0.479602
0.607883
0.401388
0.533012
0.433199
0.519663
0.541486
0.541486
0.541486
0.677077
0.712461
0.59254
1.76176
0.496688
0.555141
0.50216
0.443358
0.435534
0.435534
0.403036
0.541905
0.406225
0.406225
0.66792
0.410348
0.406326
0.735591
0.518125
0.409671
0.613222
0.438305
0.424221
0.532325
0.434399
0.434399
0.465
0.424497
0.408994
0.538894
0.419381
0.556847
0.406594
0.406594
0.455233
0.405289
0.509749
0.408964
0.652036
0.65426
0.452745
0.4425
0.402322
0.448327
0.448327
0.620519
0.620519
0.455467
1.10586
0.41373
0.404805
0.514419
0.427854
0.459914
0.459914
0.410517
0.410517
0.446968
0.446968
0.446968
